 XF =  -0.001 - XG =   0.000
 YF =   0.000 - YG =   0.000
 ZF =  -2.153 - ZG =   0.000
 Displacement =  0.4204948E+01
 Waterplane area =  0.1465170E+01
