 XF =   0.000 - XG =   0.000
 YF =   0.000 - YG =   0.000
 ZF =  -0.639 - ZG =   0.000
 Displacement =  0.3638598E+03
 Waterplane area =  0.2845543E+03
